
%notes starting with B1
notes = [61.74 65.41 69.30 73.42 77.78 82.41 87.31 92.50 98 103.83 110 116.52 ...
         123.47 130.81 138.59 146.83 155.56 164.81 175.61 185 196 207.65 220.00 ...
         233.08 246.94 261.63 277.18 293.66 311.13 329.63 349.23 369.99 392.00 415.39 ...
         440 466.16];
     
     
     
 centsAbove = notes(:).*2^(10/1200);
 centsBelow = notes(:).*2^(-10/1200);
 
 notes = notes';
 
 output(:,1) = notes;
 output(:,3) = centsAbove;
 output(:,2) = centsBelow